1
01. 1106. de Wynoeetre, 220

ι *066003 01 11016001, 46
06601610, 26, 263
0660111110 011001, 3, 263
06601 3001011
- book, ix 0.
0660160036, 309
066016 Hali, xii
0600101100 10 Chapter, 17
0001000 monachus, xiii 0.
0010 6000101010, vi 0.
0010, Helias 61, 240
000101000εο, 166, 168,161
00001, 0660101 6010100101, 11
-01011000, 113
0001110, ux. 1103. 61. 11100101, 211,
001011000, 0010 01, 62, 83
- 01 6010101, 294
- 01 11011016, 294
03000 01101000 01 Ηο1101000, 141
- ux. Adae 61 0116, 133
- ux. lvo, 117
- nn Will. 1110100οο, 188, 189
0310010001 with 06601 01 01011101,
- between 11111010 000 1100010001,
- with Prior 01 Ηο16001, 264
- with Prior 01 1100010016, 264
01100000, 106. 00, 206
010100, 111011. 00, 201
Alanus, 010610. 1101160061ἰο 81, 82
- 01011000, 269
- 61. 10600010, 299
0160 60000, 286 (8100061000)
01601000, 310
0100000 0 juror, 142
01000101, 161
0103010 (10 6101ρο16), 96, 308
0101006 000110, 11 ,
0101101111, xii, 42, 107-109, 263, 300
0100106110 Will. 00 0111101011, 294
- ux. 1100. 00 Nevill, 296, 296

m
Alexander 61. 0001. 10 1100000, 27,

013011011003, 208

011010 nx. 100. 00 00100, 287

- ux. walt. 00 Ηο0111001060, 288

01116110110, 117

0111116010, 207

0110061110, will. 00, 269

01011011, 121, 201, 249

- 06601, 206, 206, 264

- 1011, 249

- 1010, 206

0101, Tho. 61, 96

011001, 106. 30001, 262

011060006010, 164, 166

011160100010036, 77

0111601000, 76, 84

0111601100, 64, 79

01116010, 9, 167,163,197, 198, 202,

1111160100, 0100000 00, 143

0111000011, 29

0101011601, 149, 160

01001100 carnifex, 96, 97

011011 the 010000, 97 3 6010601, 16.

0111001, 73, 74, 76, 163, 164, 166, 264

01100160100, 64, 76, 79, 84

Alwinton, 43

-111600 01, 81

006011, 1106, 291

0001011, 81, 11011 01, 206

00010000, 1011, 188, 180, 192, 193,

0000101, 100100, 266

0030161010, 80, 81

00311100, 11030 00, 306

- Dulcia nx. 0101111.

00310100, 286, 289, 292, 294, 206

00300, 0011 01, 111, 64, 79, 169. 600
1101110111Ιο

- 0116011 000 1106011, 00110 oi. 49, 60

000010 1101100, 302 ’

Antoninus, 11011 01, 11 n.

Apetreley, 81

 

