111551. 339

m · ww

05115, bp. 51, 289, 295 willelmus, 111 0. (15 Bolum, 179
05115555, Joh. 55, 288 - 61 0111. 55 01575151, 294
05115155, 285 -115515 fabri, 210
0551155, 303, 304 -pelliparins, 100, 101
05155 Su 0511( -procurator, 285
05115111, 118, 143-147, 152, 264, 301 -55551555,105,107
0511511515. Soa 0511115115 - - 1155151, 105
- 1115. 55, 211 01111515, 115111 11115, 288
- Rog. 55. 211 011555, Tho., 314
051111111120, 144 0155555151, 511515 uz, 53, 54
0555155155, 05115155, 109, 110 - Rob. 5515.
Westalgate, 308 0155535155, (15511. 55, 269
055151 Η511151155, 94, 95 0155511115, 18, 58, 258, 285
0551555311, 314 0151151553, 7, 268
west-hidwyne, 287 01515155, 49, 50, 52
Westmarilond, 117 0151515551515, 307
055115511555, 133 0115515555, 83, 64, 75
- 11511111551151, 195 011555551155, 118, 119, 129, 142
westminster, 278, 297 01151555, 0111., 231
0551111155 (1111155) 01111155, 1155. 55, 183
05151155, 287, 288 0111551511, Tho. de, 143
051151555, 05111. 55, 268 011155, vii, 1-3, 7, 8, 186, 263, 268, 259,
05151555, North and South, 267, 268, 275, 277, 302
151 -1151.55,155
01151155, 0111. 55, 51 1551). ux, 196 - 0511. 55, 180, 273, 278
0551515555, 284 0155515. Sco Ulgham
0555555115, 286, 296 01311515. 8550135551
- 11551. (15, 288 0551515111, 78
-15115555, 288 , 0515115555, 63, 64
- Rob. de, 286 0511515555, 307
- Rog. 55, 287 0555151111, 15, 49, 50
Whelpington, viii, 82, 83, 264 0555511111, 50
Whilawe, Joh. de, 279 0511115155, 246
Whitby, vi Wodrington. 855 widdringwn
05115555151, 261 , 0551155155, 01151555 55, 227, 805
051155115155115, 106 - Joh. 55, 265, 279
0111155511, 263 - 1151115254, 256, 257, 305
0511555155, 81 - Rog. 55, 223, 225, 279, 805
0111115115155. 55, 196 05551511, 269
0511151, 0115. 55, 291 055155, 268
011115, Rob., 187 0515153555, 46, 47
Whytewhome, 293 0515155155, 53, 264
01. 855 Wy ι 051155 15 55 11115155, xV, 79
0155555155, vii, 9. Soa Wodryngton 0555 11515, 610
- Ellen de, 18 ; 051515 55, 9 ; Roger 05555155, Mn, vii 5., x, xvii
de, 18 · Wortone, 1111151555 55, 143
widingley, 40 051155, 260, 268
01515515, 18, 19, 22 - Rob. de, 260
0115515155, 0511. 306-308, 311 - Tho. de, 261, 292
01115511511151, 155 01155551, 0111. (15, 68 ·
0111115555, (1111),, 291 0111155, 184
0111511111, Cecilia fil. Tho. fil, 59 0115515, 0111. 55,· 196
- 1155. 115116, 288-292 Wy. 855 01
- Rau. 111.,133 01551155155μ1511. (15, 285
- Rob. 111, 57, 233, 288 0155515115, Joh. de, 271
- will. 111.,118-191 0155515, Rog. fil.. 240
0111511555511115555, 211 01115155,1151ς.55,260
- 5511511511 us, 97, 271 Wymondham priory, xiii n.
- 51511555, xiii n. Wynoestre, 1155. 55, 220
- 15551, 210 0155535155, 268, 269, 282

 

