INDEX.

11111 m

Dyker 816, 279 816611116, 168
Dymmyngesdalle‚ 106 81118661616661166, 292
81611611 ux„ Falconis 66 71661611, 866666, 17, 264
226, 228, 229, 231 - 8611. 66, 296; 8611. 66, 294
. - Ed'us. de, 287
86666, 61
1161 G. 1661116, 1111 11. 86611661, 1661 66, 32, 40, 278
. 8166111611. Soc nchewyk Espec, Walter, 197
8161111616 61611616, 178 861161, 31
813166 17661, 11, 1, 2 - 066616 66, 280
8166 8616, 106 - 8116666616.
8666 81616 1181111113161, 106 8666666616, 160
8166611136, 810 866611136616,1ο6. de, 278
86616611, 866. 66, 293 811661166666, 61
8666116111, 264 86161161166, 126
1166611111, 186-197, 286, 288 86161616, 167
8661661611, 62 861611, 1111 66, xiii 11.
8631166 11611, 8 86161616, 11, 616.
1631111611. 61. Patr. fil. Edg„ 144 8161661116, 229
- Patr. 61,111, 118-120, 133, 147 81616111, 117
863111661.(1666111,111,297 8161, 8161166641
86118661, (16118161), 166-177 81361116861647
86161, Joh. 133 811 61. 6616 61. 87111611, 101
8611186111, 200, 268 8111, 17166. 61., 239
8611116, St„ 112 8161661, 81116666166, 217 n.
8611111111, 8111116 61., 207 8166136111, will. de, 160
8611116116, clericus, 178 8161116616, 1, 111
86611, Adam 61., 111
, 8611611, 811611 61., 178
86111161,1111,28911. 6888, 8611616,270; 8611111, 178
-Π., 1111, 49, 60 Hugo, 1503 Joh. 178, 260
- m.‚ viii, 296, 297 - Osbert, 164, 166
831166 11611, 1, 2, -·· 816, 67
81116 (8111161116), 143 -87111, 67, 210, 236, 236
-8611666, 292 81611, (1111. 61.,111111
- 11166116 66, 24 816611, Tho„ 99
81661, nob„ 107 . 8111611116, 78
-Τ66, 188 81166, st„ 16
-87111.,188 8116611616, Τ66.,66, 69
8161, 87111. 61., 269 811161 Crosa, 40, 248
81616, ux„ Henr. 66 8116661, 106 81111113 occupatione, 11
8161116116111, 240 Famem-flat, 106
8161116161, 28 81116111, 66,, 42, 43, 46, 64, 82, 216 n.
8116116666, 81 81111161, 88111. 66, 143
8111166611, ux„ Rob. 61. 81611161292 8111161611, 167, 168
81116661, 87111, 266 8111161, 4, 264
811161, Eeb„ 190-194, 261 - 161161, 6
8166616611, 68, 286 - Upper, 6,
8116166116, 287 816166166, 64, 76, 77, 79, 84
8111, 76 Fauoon’, Rob. de, 117
{nglish documents, 196, 260, 263, 309 81166161, Tho„ 67
1616661. Soc 81666661 811661, 34
- 8161166116 66232 - John 66, 34
- 8611. 66, ib. — Rob. de, 34
8161161611, 226, 230-233 8111116, 161, 166
hington, Rad. de, 69 811161,.166. de, 132
8111661111 modu, 116 8111661, 161166, 261, 288
8116611116, 74, 76 - Will. de, 261
8111611111, 20 8111616111, 8

816661, 264 861161, 10, 218 (811161)
1 2

 

