8128

8616161 6661 Horten, 661. 8661616116,
33, 36, 36-39

- 161116, 44

-1161,44

- will. fil. Steph. de, 39

86116661, will„ 290

8661161611, 262

- Tho. 262

86661, Joh. de, 296

- 1 ob. decanus de, 269

8166166166, 14, 164, 166, 164, 209,
210. 8661661611111161611

81161166, 130, 131, 131, 138, 160-

- Tho. de, 136, 160

81166, (166, 262

8116666, 45

8111666166, 289

8111166, «161, 262

6116616, 116, 116

81666661666, Rog. de, 244

8111116166, 8661. 66, 210; 016666,
209; 8661. 66, 210; Hugo 66, 209,
210; Will. 66, 210

81661166 6611, 68, 286

81616666, 261, 268

81616666166, 16

81616661616616, 161

81616166166, 289

- 11616 66, 288

— Tho. de, 281

8161661616 lake, 200

8161661616, 611 n.

81616611111, 119

8166611666 111166, 286, 289

8161166, 106

811666611, 6, 121

8866668666, 112

816661, Rob., 228

81666, Rob., 242

81611666, Tho„ 180

816116, 11661, 4, 32, 31, 38, 46, 41, 63,
64, 66, 196, 216, 216, 211, 218, 219

8161166666, 68, 61. Soa 816116

81611666611, 66, 66, 61, 263

8161166661, 301, 311

86611616661, 311, 312

86116661, 291

8616166, will„ 32

8616616166, 249, 261

861616, 611

861161, 161666 61, 292, 296

- 6611666, 294

- 61166 66, 281

- Hugh de, 32, 69, 96, 213, 218, 286-
289, 301

- 11616 66, 281

- Rog. 66, 62

- 11611. 66, 301

861166, will.. 196 ’

880

Bolum, 111, 263

-61 861661, 1111616 61 Alina 66,
184, 281, 300 ·

-6111, de, 119, 300

-166.66,111, 119, 300

- 11611. 66, 119-184, 300

8666 161 fifty 666666, 316

86666 water, xi 6.

8666116, 1611,, 263

86611 16 1166666116 1161161, 298,

861661 1161666116, 310 n.

8611611, 6116111. 136

86666, 816616 66, xiii

86161666, 861. 66, 111

861161, 611, 32, 221, 226, 213, 300

- 86161166, 111. Rog. de, 41

8611661666, 204, 206

861161166166, Adam de, 233. Soa 8111-
1661116616.

86161661, 294

8661116, 16, 226

8661661666, 6, 263

8666, Tho. fil.. xiii 11.

81666616, 201

81666 Medon, 114, 208, 241, 242

8166616681, 309

81661616, Joh. de, 66

81666161, 16, 66-60

8166161611, 196

8166666611, 1248, 296

81666611, 268

- 1111616 ux. Walt. 66, 304

-1616666 ux. Hug. 66, 304

- Hugo 66, 304

8166166166, Alex. de, 121, 134

- 8111. 66, 134

- 8611616 66, 133, 134

- Will. de, 133

81661166, 258

81661666, 133, 268

816161611, 106

8161161161, 68

8161116166, 229

8161616611, 286

8166166116 66111, 314

81166661 11616611, 98, 106, 308

8116161616, 6111116146, 143

Briggestrete (16 16616611), 309

811611616, 248, 261, 299

·- Prior 61, 214

—William Prior of, 248, 261, 264,

81161166, 38

81666666666, 31

81661661 (11666616, 310 n.

8161166, 116

8166661666, 309

8166166161, 286, 289 ’

8166611616, 196

 

