INDEX.

8511 8011

8515111, 208 8515051585555, 144
8515111511, 20, 22, 267, 268, 282, 311 851151, 129
8515101115 05 811155, xv, 45,47, 195, 85505,11111.55,288 ,
205, 307, 311, 312 855055, 11511. 111. 11551. 55, 244,
- 1151510155, xv, 211-13, 264 245
85151111, 1110 55, 273, 278, 281 85555115111555, 167
- Will. de, 285 8555515115, 120, 141, 144, 174
855050 Mauro, Nich. 55, 278 85515, 1105. 55, xiii 5.
- Petro, 1110 55, 95, 293; Rob. 55, 80151, great, xi
35, 37, 38; Walter de, 36, 37; 85. Sco 805
will de, 35-38 8551555015, 286, 287
- 11015550, 1410515515 55, 278 855110, 11515, 257 ; (150, 258 ; 17111.
85551135, 112 257-9
855511015, 263 8551551115, 24
8501, 110555, 292 8551051011, Agnes, 263
8515, Widow of Hugh of Northamp· — will„ 235
ton, 108 8551111511, 19-23
855555511111, 38 8555111155, 282
8511151 115551, 11. Sea 851151 8555011555, 24
- 55505 of, ix 855151015,289
8555511015, 62 855155, les, 280, 282
85551505, 105. 115, 94 85505151, 268
8055155505,.105.55, 162 8551151105, 15, 16, 20, 22, 257, 281,
- Tho. de, 156 293, 301
80551511105, 156-159, 162, 264 8511505155, soh, 279
8055101511, 264, 301 85055015, 37
8055551151, 12, 13 85015655, 288
805115115105, 176 8505151, 288-288, 294
805101150511, 243 850510155115, 294
85501155, 158 8505505, 25, 26, 256, 257, 267-0, 274,
805015, 15, 66 (8001510) 276, 282, 311
85550 01011, 174 - 11010155, 28
805511555οε (1), 226-228 850511515515, 285
85551551155, 126, 145 8151115 51. 55105155511011111, 83
855111151105, 264 -51505515511, 154
80015, 15, 65 Simon, Prior 55 1155150555, 169
8001585515, 90, 91 Simonis, Joh. 111, 278, 281
8001150115, 64, 76, 79, 84 8151150515, Alex. de, 202
80011515515, 168 810015505515, 198, 202, 203
8001, 1110515, 291 815501 8015155151115551,1,111-111,3
.- 11105515, 253, 288 ’ 8111555 50105, the, 225
.. Tha, 143 811151515551, N ich. 55, 289
500155, 501551551055 51, x, 48, 307 81555, 53
.. defection 1ο, 297 8101111, «105. 55, 261
800105 (vill, xi Slikbum‚ 11555, 56
8505101511, 130 8111155515, 56, 196
v 8005505, 32 Slikeburnmouth, 54
5005515155, 58 815105, x, xi
Scrothope‚ 75 8115, 77
8051555, 268 8515155515, 62, 66, 204, 205
8050051, xv 0., 55, 201 815115. Soc 811551
85515, ancient, xiii 8500, 15, 55, 57
85511555 1011111505, xv, 55 805515, 287
85051515,1511151511 of. 855 1511151511 8055 505 50 55 pared, 22
8051511515, 302 8011555105551, 275
855, Henr. de, 235 8015511111, Adam de, 281
850155, 130 - Η5511. 302
8511555, 81505. 55, 180 -1555.55,1“5.
855515, 289 - ‹Iov-n, 302
8510111115, will. de, 134 - John, 281, 282

 

