330,

1111

Lyne, river, 226, 227, 284
Lynemue, 115115, 229, 231, 232
1155551555, 45

Lynlelawleche, 185

155155, John de, 225
1555515555, 263

15515155, 85-94

1551551555, 285

1111111, (155, 250
Μ515555515,15, 236, 237
’ 11533111, 10, 11
115331115551, 10
1151511, 3551115, 198
115151515, 175
1151155, Will 269
11515555555, will, 269
115555, 1551, 314
1155551555, 1151,13, 113
115555551555, 55131551, 511
11555511, 115, 314, 315
1155, 55 511, 308
11555155 51 11531551 551 35551551,
218, 301, 307
1155355555, 133
- 55 Rob. 3511515, 232
1155355555, 115161, 246
115535τὶ5 55 11151. corbet, 288
·- 55 1151. fil. willelmi, 289, 290,
115515515 51155, 171
11551555 ux. Gilb. 15 Herle, 287
- 55 Will. de 1555153155, 16
11551555, Ric. de, 215 n.
Marl, 51315 51 3555153, xv, 280
Μ5551535 51 515535, 5111107 n-
115551555 medicus, 280
11555, 3111551551, 17
11555, Sl„ 51555 51, 55 65555153555,
115555, Ρ551511, 216
Masculus, Marjory, 13
- Will, 13
115555. Soa cementarius, 236
1155511155, Joh.‚ 188
1155155, 11555, 286, 287
- Joh. de, 292
11551555 pelliparius, 103, 101
11551115 ux. Reginaldi, 98
- ux. Rog. de 05511555555, 287
Malildae, Rob. 11, 280
Mauclerk, Rob, 281
- Walter, 218 n.
11551515, 511
lut, 1153, 17, 228, 212, 278, 285,

5115, 17
115, 36, 37
511151, 218

INDEX.

1¹11>

1155551551, nob, 43, 143

115γά555155, 138, 115

- Β. ,151 15, 511, 138

11551551111 (15, 28, 29

115555 515155, 106

115555 Abbey, xi

1151155, 231

11511551, Rob. 61, 18

115155515, Prior, 42, 82

1155555111, 515

115551535, 0151555155, 299

11551555551, 42

1155515555, 1, 2, 27, 29, 39

115551551155, 6

11555515555, 197, 198, 202, 203

11555155, 258, 259

1153515155 15515, 0515551555 15551153,
2 7 n.

llerlay, 115 15, 15

- Agnes 15, 15

- 111515 15, 268

- Grimbauld 15, 269

- 1551511515, 1, 8, 299

- 15515115 1111515, 281 n

- 3515555 15, 281

- ,1511555 ux. 1155 (15, 268, 269, 299

- Maria de, 281, 299

- 115515515 ux. Rog. de, 299

- 05155515, 269, 299

- 11555151 15, 5, 51, 1, 2, 9, 10,16,
267-9, 284, 287, 297, 299

-junior, 300, 305

- Roget de, 2, 15-17, 22, 32, 57,
58, 182, 184, 267, 268, 270, 271, 279,
299, 301 ; 155151 51, 271

- 17133. 15, 11, 3, 8, 25, 293; 151151 51,

-- 1553. 15, ΠΙ, 3-8, 21, 271, 272271,
276, 278, 280, 282, 292 3 155151 51, 281

- 1155. 15, 305

- Walt. 15, 231

- 9111115, 3, 7, 15, 270, 271, 299

- baronia 15, 11, 292, 300

- house 51, 511, xii, xvi

- 65515, 271 5

11515515, 37, 65, 66, 135, 136

1155155155, 289

1155555 0011. 051551, 11

- 11511, 264

- Walt. de, 278

1155555, 1151, 231

1155551513351551, 131

1155515515, 58, 285

Meyndenley, 139, 110

11151551, sl, 015551 or 015551 51,
15 1155555515, 178

1115115513, 262

1111151555, 268

- Gilb. 15, 291

- J. de, 90, 196, 218, 262, 286

 

