1161111.

m

766161-316666, 308

7661116, collector 61, ix n.

766616, 6666111666 61, xiv

7616, 1116, 236, 287

7611616616, xiv

7666666616, ux„ (11111.(16111611.,79-

- ux. 11636616 66 Bolbek, 301

- ux. Rio. de Atrio, 240

7666616166, 78

76611666, 304

7111166616, 85

7111161161, 118,119, 121, 148, 150, 151,
156-164, 264

- J. de, 159

- Joh, 181

1611. 66, 158, 169

- 616611. 66, 158, 159, 161

—- 7116. 66, 159

7666τί63166, 65-87

- 1161666 66, 66; 8.(16, 68; 1161166,
68; 711666, 144

7116666, 11611. 61,, 145

- Will. 61,, 147

Thomas, 6666616116 66 6111666616, xiii
6.; 61. 11166161, 32

- ,161166 11116, 288

- 6616. vio. of Homoloy, 143

- persona 66 61666166, 81, 82

- riding, 144

- 81,, 71666161, 17

76661666, 8611, 279

- Τ116.,282

- wi11.,186-189

7661163166, 62, 264

766166861311, 288, 289 ·

7116166166, 286

- Agn. ux. 1163. 66, 802

- 11116. ux. 1163. (16, 303

- 11661. 66, 99

- Joh, 144

- 1163. 314

- 1163. 66, 302

7661661666 juxto 7666, 117

711οωὶ611661, 183

Thorny 1166116, 263

7116166166, 25

71616111, 241, 242, 264

7116666, 117

7616616116166, 31

761661166166, 213

- 1116. 66, 213

- 1166611666 (16, 218

- 1163. 66, 280

- will. 66, 218

761666166616, 177

71166616666, 10

7616616666, 8

Thuri, 1116. 61,, 176, 176

76661663166, 219

71166, 661163, x

710

Timum, 142

7111111, 117, 141
711661, Adam 116, 132
- John 66, 124, 132
7666611616, 280
76616166, 62, 66
76111666, 263
763366666, 1163. 66, 278
7611666, 68, 64, 68, 79, 84, 284, 800
- J. 61, 17111. (16, 87
7661666, 17111, 196
761166, 111611, 298

76661 61 1166661111, 811

- 17661 1111166, 311, 312
71666611, 267, 282, 232
7166661611, 12, 22

71661, beyond, 292

7166666616, 225

7161161, 1161166 66, 88, 87

-- John, 282

71111163166, 226-231, 242, 264, 301
7116663166, 06661616 (16, 227, 229, 230
71666616666, 8

7161166166, 52

71616616666616, 11

71666111, 241

71661666, Adam do, 142

.. 11111166, 112

71666, Adia, 286

71666, Adam, 287

76666166666, 51

7663316171
76666611,11116611711161116111661,236
7611161166, xv, 30, 81, eto
711161611ωώ66, 148

761611, 78, 79, 81, 64 800
7111616611, 35, 37, 88

7111666, 111611, 190, 261
71661631161166661 11613. ux. 6166
- 1161161166 1161166, 16.

76116166, 284

- 166, 25

71166666, 8611616166, 11 n, viii 11.
76166111, 267

7666611661, 76166 66, 226, 228, 222
76666161, 52 ‘

— 6611611611 66, 15, 299

6691166661611,616161,

- abboy 61, 283
63311131
·- Simon, 169
7666666161, 170
76616161, 11111, 222

, 1303210 '⁴

 

