PAR

15115, Roget 65, 26

- 17111, 25, 26

151115, North 5116 6511511, 310, 314

Parnm, 1151), 294

Parva chcenc, 160

1555551551, Joh. 65, 298

1555511111, Mart. 65, 179

15511511, J. 111, 147

-1511, 61, 201

Patricius 5511155, 297, 298

- holdings by, 268

15511511, 5511 of Edgcr, vii

15155551515, 144

15555515 (11555511, 31011.

1551115111, const. 51, 1111

Pecunia, 55115115 555 of word, 1 5.

1513555516, 117111. 65, 170, 171

151155, Nich., 239

151151, 1155511, 103, 104

1556511151, 18

1556511515, Nova, 221-226

15111151, pound of, xiv

15155155155151151 11551151, 262

1515115116, 204

- Η5111., 248, 251

- 1155111516, 297

- jun„ 56.

- 055, 248, 250, 254

- Marg. 65, 305

1555555551, 70-7 2

1555115, 300

Petro, Ric. dc 8., 58, 270, 271

- will. 65 6., 156

1551551115 ux. Gyr. 6517561, 227

1551115111 iohannis, 107

- 55551655, 108, 300

- vic. 65 6511155155, 81

15151511, 1511, 269

- Patr„ 269

1111111515 hope Η51156, 263

Pigeon-cotes, 309, 312

Pigeon-holcs, 27

11115655, 115111. 65, 105

Pilgrim street, Newcastlc‚ 61 ⁷

1115551115551, vi, xi

11555555 51 51556,515.,1ίί, 118, 119

1155555111. 8115115551

11511 cf cbbcy‚ v

115551, 111, 256, 257, 276, 279, 282,

- Adam 65, 19, 273, 278, 280

-John 65, 7, 25, 32, 256, 268, 273-
279, 281, 292, 301

- 1165, 270, 271

-- Rich. 65, 26

Ploughbctcrsslti

Poisoning 55 breakfast, 294

15565115, 118, 123

15115 del 11515115, Will. 651169

Pom, river, 45

333

nm)

1515515116, 43, 44, 116, 248, 263, 264
Pontign ,112

15151151 5,112

15511111, 223, 225
1151551555Η1115, 167
1155555655, 85, 87

1155515116, 289

11555511, coh.. 186-138
1155511111, 299

115151111511151, 195, 196
111555151, 1, 2, 25

111515 51 Ν551111115551,.151111, 120
- will„ 105

1151165 1151115116, 288

11561155, 50, 77, 83 (1156511511)
1156115155, WilL, 293

15661111, 1511, 103, 104

156551, bp.‚ 42, 43, 45-47, 54, 75
1113515, 11111515, 278
151111511511111, 27 n.

1111165115, 141

115 Roget, 314, 315

UARIOUR, Walter, 103, 104
Quam, 1155555151, 30
- of 15116511, 264
0111115511. 8151151555
Qwhclpington, 82, 83, 108

ΔΒΥ, dom. (15, 111, 51
1156511115, 1615, 243, 251, 257
- Elia, 306
1156515111, Rob. 111, 292, 294
- Will. 111, 7, 57, 58, 273
liudulphus 65 (11515551 111., 296, 298

, -115555551, 115

- fil. will, 65 (11515551, 294
lisine, 5511511, xvii
115111551151115111, 11 1., 111, 11 5., 1111,

xiv

11515511, 310

Ranulphi, Η5111. fil„ 287

1155511, J. 65, 132

nasei, 15, 84, 301

15551115, 11611, 248, 251, 257

155565155111155, 236

1515115165, 49-51

115155155511,294

Buce, Christoph, 189

1151151, 35, 37

11511555 51555, 311, 313

- 11151165, 268, 283

- Rob. 313

- 1151165, 266, 268, 283, 288, 294,
295,

Rode, 151565, 50

1156515511, 76

&destini-her, 117

 

